094000130000000000000076002080010000032000000000200060000050400000008007006304008
000000000000942080160000029000000008906000001400250000004000000020008090050000700
000007000090001000000045006000020000036000410500000809000000004000018000081500032
052470000060000000000008010400000009700950000020040030000800090000003706000091000
090000000001006000060080070300000010000039000000050002170400028000003000086000057
000005000020004010030080020000008400800600000090010705006000000950003060003000001
500068000000000060042050000000800900001000040903000620700001009004200003080000000
070021004000030000601000002000000060008600703190000040010000208420900000000000000
000000001007050309004800020000000000030005700009420000000003000001000407060278000
000008003016020907030004600000000000905000200020130009003000020070005000000000400
004020030000809000000000700050037008000000005049060010500000000068000000007040901
000006003009040005320000008000010000001750609200000080000060000000800040470000200
000008020000006930098070001000000000009210000700000096240090000000300180000000003
002046000004080005070030009000002000305700000700000400006000093000054078000000000
003000040400200000000090026000070000010902000260000008500007000000060803300000069
000000003005002014000080060000000000946000000030004206000700000000030680070291000
020000000000004800054018030700001004000086050000000600000000100000020009230400005
009043000000000030410070000000000000800500060040006002000000010004098006700600520
000000000406070090050038200000000030900000000004260000070003002001600800085000700
000604000000000003010002600002000000600090015804000006000007000976050000000203100
000040000050000009003078400001000000620000000000503800000020000006400703405100020
000305600006800300040000000000000805050000412000900000003090000000080060019604500
020007005000000000600095001070004130000000200001050006700010800080070000000200049
000500003000820001300001790170000000000000300600712040040060000090000000060050200
300000040002008000091200030005010080064090000000005006180700000000000065070900000
000040000100900640030000800007000000000108590000000300052001000010703000390050004
400009000005410003000000007000000020031070008906003000000090000100600080007500046
080400000130000000000000008400001000507002003000900100000020780200006030076003009
050000000006005091009000380400000008000038002073000000000010000280470500600000070
010060900009005000030000076001030002720000040008000000007300009305007600000000020
530097000000000070000010050000001300004002000109800204000000005070000920091050000
000000000070006208100000054003050000000300002200800006900000080300070000007025401
000600004450000200000089300970000003063000000004002700609050000000000000500003061
030010000000042703020906040500020000349000000000000001000009000006000080005003460
000060000050000970002005000000200080074000000085040201001007000600004000920600100
000000000000000731054100008000000500021904000040060007000580000000007090098010002
008000000000630004001000630030009000400000062000000140000500790170000000005400083
000000000900100002004028000650000700001000003009702000000005070040000061035010900
000002000013409002709000015000005000100080006060970080500006000002000000000200030
000008009000000280030070000048000000000020000607009130000003900090010400570600001
000710000500000000000000530160020300000030009045600000090200070600000203000006081
000000000000805049200060301009000000000021038000300000005000000006004800130009602
000002073080000000005700200900000010800000004600815090000000460400000502000096000
000000000070480090004020370100005002000003007003000640040000000006310000000008910
000000000000067000007080012000000000030006500501000893070000000009001024004390008
000000013000040000004698000000000008030000700028069000001030060009200007600080001
000000010020000930065030000940050000007800200600000000001200004000609800000000127
501083007000720000000000010008000020010050900003000001000900080040007500390400000
050000800010000032008000006090000000040800605000007000002070003300001004005620010
005001080040000009007659010000000070004200000010000806000035000000000090970000108
007000030050009001900000000020000000500030029080074103000408000002000006000015800
000050000000000040003601008000000701020010800070009000400003000000006590059007206
905800076000000000700049030000000009001008200000370000070000000430005080008090005
000100000098020006300040050500000003061000000000700860007080300000000009005200408
003000000000028500200000070000002004010000023630001057100004080050000900090700000
070000090000400082002109000000500400000010007103600000020000300005000100801026000
060000000040700080000006130100400005000020800050000076000200300800040020790008000
000000050000000021039000000400051007017004900000360500000015000900000160640000000
300007501708006000000800003800004790090000000000023000962000007000000060000040900
170000036000090040306000080600008201200005000000010000800007000050000000000051063
000000000700040000090006120400010007000020500501098000000001060000060280000405300
740060030002005000018002009080020600900000070004080000003700000600090000020004000
900060000000030000030800406005000000009080300004000297020000004000300000680200015
053670009000000050000020016000003702900000060000500000020010005106000090000900040
000001850002008031300500400641000000900005000000000080000906000000000000509040072
000005030007900100030000705051000097800001056000008000000000028074020000090000000
001000080000004500005070000002730000000000200358010000203056000900000001006090700
040000000012000000008200537000000200300080004005307000000040060900000070200790001
260070038000010070000004602010005000090230400000007200000000000700000080001008700
001020000080005090060400100000080030000042050097000000000000000070000040032017605
008091060000240000900070020002000900005000080800630700000007001056000400010000000
000300590009000003000060070408010000000090000000520908600000700005800300100000064
051008000070692030000003000007000092000070001060000450000000000090080600640500000
000300000800600015400050000000004000200060080070090340000020009001008400708000020
000003001040000830005040000064100080010007000000300007509000060000030050000870003
028005000400100000000003000000400850000200000100070003700090040980500006560002000
000000500300000000090018000100900260060000400980100000070300000000020316040800005
000000000000109620060007059001000000090804002000000346008000001906003000000000580
000000009500060030070002500000000000000704060032981000000000008005020000760390002
000006057000500000100080300800032000006010590000000006000100000000020970501700800
000016007000700930207000008839000000000038001500000000700000080050100000000509400
400018700800000002000004000000000000006053001007260430001070006030001080000600000
000002400500000908020065070080030001074000000060000009000004005000000030012007800
806300000013000090000600002700000000005060000001049200030010000000002047000036800
000091000000200870000600100000050000000060003007900216500000020280030500003007000
090000000008020300006000000500000400010005280000004073000060830060100020180200000
005000000017053009080100030004001020002000095000380600000700000020004300000009000
000060059084010300000007000008000000000300001500400900400000000050780240097000003
000000902009000010000065000007020000000050034020400098050001000080007003016000005
080000003600000907000050060000090000000403600159002000000008090020001040003500008
100900000080070400405002000000000003900036070000010090000240000204501008000000700
007006000000000104040203009408000006900810000000009000000000030001035080200008500
004300807800002030030006000006905002090070040000000000000000506000000000389050070
004200700200060000000300100005007009080600007409001080000000000610052040000000008
001000050036050009007900006000000030600801000000060105000000000598020000020073000
000008013000000800007020050030000000000096500508007021050300400000000000800051007
800003057705006300002004000000809000009040201063000000000000030004000070200090000
700000003008030200000007000000900407900460500360800000030500000001000020800009100
000001000108040500060090400000009000009700001400100230000000000057406000800000302
090040200000000003506900000000000150073000400002400076020001000000090700005070040
708900000006008040000250030000000100600010020070005060000070000920003000100080600
008607000070005410900000000000000002040200080007003500000000609000050700052090004
000000000020040003001097050000004630710206000002000000000600000200005307030000908
000900040081000005004052000000609300070000800200000004000000001603000900000106028
700006050060000040000700080040000000100300000003002400000073092008060000602001300
000002005060500800009100030752000000000380000000700000038000001000004